1 1 9.1000 4.6000 0.0000 -0.3927 -2.0000
1 2 8.9026 4.6463 0.0231 -0.3927 -2.0000
1 3 8.7042 4.6880 0.0462 -0.3927 -2.0000
1 4 8.5048 4.7251 0.0694 -0.3927 -2.0000
1 5 8.3047 4.7576 0.0925 -0.3927 -2.0000
1 6 8.1038 4.7854 0.1156 -0.3927 -2.0000
1 7 7.9024 4.8086 0.1387 -0.3927 -2.0000
1 8 7.7005 4.8272 0.1619 -0.3927 -2.0000
1 9 7.4982 4.8410 0.1850 -0.3927 -2.0000
1 10 7.2956 4.8502 0.2081 -0.3927 -2.0000
1 11 7.0929 4.8547 0.2312 -0.3927 -2.0000
1 12 6.8902 4.8545 0.2544 -0.3927 -2.0000
1 13 6.6875 4.8496 0.2775 -0.3927 -2.0000
1 14 6.4849 4.8400 0.3006 -0.3927 -2.0000
1 15 6.2827 4.8258 0.3237 -0.3927 -2.0000
1 16 6.0808 4.8069 0.3469 -0.3927 -2.0000
1 17 5.8794 4.7833 0.3700 -0.3927 -2.0000
1 18 5.6786 4.7550 0.3931 -0.3927 -2.0000
1 19 5.4785 4.7222 0.4162 -0.3927 -2.0000
1 20 5.2793 4.6847 0.4394 -0.3927 -2.0000
1 21 5.0809 4.6426 0.4625 -0.3927 -2.0000
1 22 4.8836 4.5959 0.4856 -0.3927 -2.0000
1 23 4.6874 4.5447 0.5087 -0.3927 -2.0000
1 24 4.4925 4.4890 0.5319 -0.3927 -2.0000
1 25 4.2989 4.4288 0.5550 -0.3927 -2.0000
1 26 4.1067 4.3641 0.5781 -0.3927 -2.0000
1 27 3.9161 4.2950 0.6012 -0.3927 -2.0000
1 28 3.7271 4.2215 0.6244 -0.3927 -2.0000
1 29 3.5399 4.1436 0.6475 -0.3927 -2.0000
1 30 3.3545 4.0615 0.6706 -0.3927 -2.0000
1 31 3.1711 3.9750 0.6937 -0.3927 -2.0000
1 32 2.9897 3.8844 0.7169 -0.3927 -2.0000
1 33 2.8105 3.7896 0.7400 -0.3927 -2.0000
1 34 2.6335 3.6906 0.7631 -0.3927 -2.0000
1 35 2.4588 3.5876 0.7862 -0.3927 -2.0000
1 36 2.2866 3.4806 0.8094 -0.3927 -2.0000
1 37 2.1169 3.3697 0.8325 -0.3927 -2.0000
1 38 1.9498 3.2548 0.8556 -0.3927 -2.0000
1 39 1.7854 3.1361 0.8787 -0.3927 -2.0000
1 40 1.6238 3.0137 0.9019 -0.3927 -2.0000
1 41 1.4651 2.8875 0.9250 -0.3927 -2.0000
1 42 1.3093 2.7577 0.9481 -0.3927 -2.0000
1 43 1.1566 2.6243 0.9712 -0.3927 -2.0000
1 44 1.0070 2.4875 0.9944 -0.3927 -2.0000
1 45 0.8606 2.3472 1.0175 -0.3927 -2.0000
1 46 0.7174 2.2036 1.0406 -0.3927 -2.0000
1 47 0.5777 2.0567 1.0637 -0.3927 -2.0000
1 48 0.4414 1.9066 1.0868 -0.3927 -2.0000
1 49 0.3085 1.7534 1.1100 -0.3927 -2.0000
1 50 0.1793 1.5971 1.1331 -0.3927 -2.0000
1 51 0.0537 1.4379 1.1562 -0.3927 -2.0000
1 52 -0.0682 1.2759 1.1793 -0.3927 -2.0000
1 53 -0.1863 1.1111 1.2025 -0.3927 -2.0000
1 54 -0.3005 0.9436 1.2256 -0.3927 -2.0000
2 1 6.3000 5.0600 0.0000 -0.3927 -2.0000
2 2 6.1026 5.1063 0.0231 -0.3927 -2.0000
2 3 5.9042 5.1480 0.0462 -0.3927 -2.0000
2 4 5.7048 5.1851 0.0694 -0.3927 -2.0000
2 5 5.5047 5.2176 0.0925 -0.3927 -2.0000
2 6 5.3038 5.2454 0.1156 -0.3927 -2.0000
2 7 5.1024 5.2686 0.1387 -0.3927 -2.0000
2 8 4.9005 5.2872 0.1619 -0.3927 -2.0000
2 9 4.6982 5.3010 0.1850 -0.3927 -2.0000
2 10 4.4956 5.3102 0.2081 -0.3927 -2.0000
2 11 4.2929 5.3147 0.2312 -0.3927 -2.0000
2 12 4.0902 5.3145 0.2544 -0.3927 -2.0000
2 13 3.8875 5.3096 0.2775 -0.3927 -2.0000
2 14 3.6849 5.3000 0.3006 -0.3927 -2.0000
2 15 3.4827 5.2858 0.3237 -0.3927 -2.0000
2 16 3.2808 5.2669 0.3469 -0.3927 -2.0000
2 17 3.0794 5.2433 0.3700 -0.3927 -2.0000
2 18 2.8786 5.2150 0.3931 -0.3927 -2.0000
2 19 2.6785 5.1822 0.4162 -0.3927 -2.0000
2 20 2.4793 5.1447 0.4394 -0.3927 -2.0000
2 21 2.2809 5.1026 0.4625 -0.3927 -2.0000
2 22 2.0836 5.0559 0.4856 -0.3927 -2.0000
2 23 1.8874 5.0047 0.5087 -0.3927 -2.0000
2 24 1.6925 4.9490 0.5319 -0.3927 -2.0000
2 25 1.4989 4.8888 0.5550 -0.3927 -2.0000
2 26 1.3067 4.8241 0.5781 -0.3927 -2.0000
2 27 1.1161 4.7550 0.6012 -0.3927 -2.0000
2 28 0.9271 4.6815 0.6244 -0.3927 -2.0000
2 29 0.7399 4.6036 0.6475 -0.3927 -2.0000
2 30 0.5545 4.5215 0.6706 -0.3927 -2.0000
2 31 0.3711 4.4350 0.6937 -0.3927 -2.0000
2 32 0.1897 4.3444 0.7169 -0.3927 -2.0000
2 33 0.0105 4.2496 0.7400 -0.3927 -2.0000
2 34 -0.1665 4.1506 0.7631 -0.3927 -2.0000
2 35 -0.3412 4.0476 0.7862 -0.3927 -2.0000
2 36 -0.5134 3.9406 0.8094 -0.3927 -2.0000
2 37 -0.6831 3.8297 0.8325 -0.3927 -2.0000
2 38 -0.8502 3.7148 0.8556 -0.3927 -2.0000
2 39 -1.0146 3.5961 0.8787 -0.3927 -2.0000
2 40 -1.1762 3.4737 0.9019 -0.3927 -2.0000
2 41 -1.3349 3.3475 0.9250 -0.3927 -2.0000
2 42 -1.4907 3.2177 0.9481 -0.3927 -2.0000
2 43 -1.6434 3.0843 0.9712 -0.3927 -2.0000
2 44 -1.7930 2.9475 0.9944 -0.3927 -2.0000
2 45 -1.9394 2.8072 1.0175 -0.3927 -2.0000
3 1 9.6000 3.1500 0.0000 -0.3927 -2.0000
3 2 9.4026 3.1963 0.0231 -0.3927 -2.0000
3 3 9.2042 3.2380 0.0462 -0.3927 -2.0000
3 4 9.0048 3.2751 0.0694 -0.3927 -2.0000
3 5 8.8047 3.3076 0.0925 -0.3927 -2.0000
3 6 8.6038 3.3354 0.1156 -0.3927 -2.0000
3 7 8.4024 3.3586 0.1387 -0.3927 -2.0000
3 8 8.2005 3.3772 0.1619 -0.3927 -2.0000
3 9 7.9982 3.3910 0.1850 -0.3927 -2.0000
3 10 7.7956 3.4002 0.2081 -0.3927 -2.0000
3 11 7.5929 3.4047 0.2312 -0.3927 -2.0000
3 12 7.3902 3.4045 0.2544 -0.3927 -2.0000
3 13 7.1875 3.3996 0.2775 -0.3927 -2.0000
3 14 6.9849 3.3900 0.3006 -0.3927 -2.0000
3 15 6.7827 3.3758 0.3237 -0.3927 -2.0000
3 16 6.5808 3.3569 0.3469 -0.3927 -2.0000
3 17 6.3794 3.3333 0.3700 -0.3927 -2.0000
3 18 6.1786 3.3050 0.3931 -0.3927 -2.0000
3 19 5.9785 3.2722 0.4162 -0.3927 -2.0000
3 20 5.7793 3.2347 0.4394 -0.3927 -2.0000
3 21 5.5809 3.1926 0.4625 -0.3927 -2.0000
3 22 5.3836 3.1459 0.4856 -0.3927 -2.0000
3 23 5.1874 3.0947 0.5087 -0.3927 -2.0000
3 24 4.9925 3.0390 0.5319 -0.3927 -2.0000
3 25 4.7989 2.9788 0.5550 -0.3927 -2.0000
3 26 4.6067 2.9141 0.5781 -0.3927 -2.0000
3 27 4.4161 2.8450 0.6012 -0.3927 -2.0000
3 28 4.2271 2.7715 0.6244 -0.3927 -2.0000
3 29 4.0399 2.6936 0.6475 -0.3927 -2.0000
3 30 3.8545 2.6115 0.6706 -0.3927 -2.0000
3 31 3.6711 2.5250 0.6937 -0.3927 -2.0000
3 32 3.4897 2.4344 0.7169 -0.3927 -2.0000
3 33 3.3105 2.3396 0.7400 -0.3927 -2.0000
3 34 3.1335 2.2406 0.7631 -0.3927 -2.0000
3 35 2.9588 2.1376 0.7862 -0.3927 -2.0000
3 36 2.7866 2.0306 0.8094 -0.3927 -2.0000
3 37 2.6169 1.9197 0.8325 -0.3927 -2.0000
3 38 2.4498 1.8048 0.8556 -0.3927 -2.0000
3 39 2.2854 1.6861 0.8787 -0.3927 -2.0000
3 40 2.1238 1.5637 0.9019 -0.3927 -2.0000
3 41 1.9651 1.4375 0.9250 -0.3927 -2.0000
3 42 1.8093 1.3077 0.9481 -0.3927 -2.0000
3 43 1.6566 1.1743 0.9712 -0.3927 -2.0000
3 44 1.5070 1.0375 0.9944 -0.3927 -2.0000
4 1 7.3000 5.7500 0.0000 -0.3927 -2.0000
4 2 7.1026 5.7963 0.0231 -0.3927 -2.0000
4 3 6.9042 5.8380 0.0462 -0.3927 -2.0000
4 4 6.7048 5.8751 0.0694 -0.3927 -2.0000
4 5 6.5047 5.9076 0.0925 -0.3927 -2.0000
4 6 6.3038 5.9354 0.1156 -0.3927 -2.0000
4 7 6.1024 5.9586 0.1387 -0.3927 -2.0000
4 8 5.9005 5.9772 0.1619 -0.3927 -2.0000
4 9 5.6982 5.9910 0.1850 -0.3927 -2.0000
4 10 5.4956 6.0002 0.2081 -0.3927 -2.0000
4 11 5.2929 6.0047 0.2312 -0.3927 -2.0000
4 12 5.0902 6.0045 0.2544 -0.3927 -2.0000
4 13 4.8875 5.9996 0.2775 -0.3927 -2.0000
4 14 4.6849 5.9900 0.3006 -0.3927 -2.0000
4 15 4.4827 5.9758 0.3237 -0.3927 -2.0000
4 16 4.2808 5.9569 0.3469 -0.3927 -2.0000
4 17 4.0794 5.9333 0.3700 -0.3927 -2.0000
4 18 3.8786 5.9050 0.3931 -0.3927 -2.0000
4 19 3.6785 5.8722 0.4162 -0.3927 -2.0000
4 20 3.4793 5.8347 0.4394 -0.3927 -2.0000
4 21 3.2809 5.7926 0.4625 -0.3927 -2.0000
4 22 3.0836 5.7459 0.4856 -0.3927 -2.0000
4 23 2.8874 5.6947 0.5087 -0.3927 -2.0000
4 24 2.6925 5.6390 0.5319 -0.3927 -2.0000
4 25 2.4989 5.5788 0.5550 -0.3927 -2.0000
4 26 2.3067 5.5141 0.5781 -0.3927 -2.0000
4 27 2.1161 5.4450 0.6012 -0.3927 -2.0000
4 28 1.9271 5.3715 0.6244 -0.3927 -2.0000
4 29 1.7399 5.2936 0.6475 -0.3927 -2.0000
4 30 1.5545 5.2115 0.6706 -0.3927 -2.0000
4 31 1.3711 5.1250 0.6937 -0.3927 -2.0000
4 32 1.1897 5.0344 0.7169 -0.3927 -2.0000
4 33 1.0105 4.9396 0.7400 -0.3927 -2.0000
4 34 0.8335 4.8406 0.7631 -0.3927 -2.0000
4 35 0.6588 4.7376 0.7862 -0.3927 -2.0000
4 36 0.4866 4.6306 0.8094 -0.3927 -2.0000
4 37 0.3169 4.5197 0.8325 -0.3927 -2.0000
4 38 0.1498 4.4048 0.8556 -0.3927 -2.0000
4 39 -0.0146 4.2861 0.8787 -0.3927 -2.0000
4 40 -0.1762 4.1637 0.9019 -0.3927 -2.0000
4 41 -0.3349 4.0375 0.9250 -0.3927 -2.0000
4 42 -0.4907 3.9077 0.9481 -0.3927 -2.0000
4 43 -0.6434 3.7743 0.9712 -0.3927 -2.0000
4 44 -0.7930 3.6375 0.9944 -0.3927 -2.0000
4 45 -0.9394 3.4972 1.0175 -0.3927 -2.0000
4 46 -1.0826 3.3536 1.0406 -0.3927 -2.0000
4 47 -1.2223 3.2067 1.0637 -0.3927 -2.0000
4 48 -1.3586 3.0566 1.0868 -0.3927 -2.0000
4 49 -1.4915 2.9034 1.1100 -0.3927 -2.0000
4 50 -1.6207 2.7471 1.1331 -0.3927 -2.0000
4 51 -1.7463 2.5879 1.1562 -0.3927 -2.0000
4 52 -1.8682 2.4259 1.1793 -0.3927 -2.0000
4 53 -1.9863 2.2611 1.2025 -0.3927 -2.0000
4 54 -2.1005 2.0936 1.2256 -0.3927 -2.0000
4 55 -2.2109 1.9235 1.2487 -0.3927 -2.0000
4 56 -2.3173 1.7508 1.2718 -0.3927 -2.0000
4 57 -2.4196 1.5758 1.2950 -0.3927 -2.0000
4 58 -2.5179 1.3985 1.3181 -0.3927 -2.0000
5 1 10.1000 6.2100 0.0000 -0.3927 -2.0000
5 2 9.9026 6.2563 0.0231 -0.3927 -2.0000
5 3 9.7042 6.2980 0.0462 -0.3927 -2.0000
5 4 9.5048 6.3351 0.0694 -0.3927 -2.0000
5 5 9.3047 6.3676 0.0925 -0.3927 -2.0000
5 6 9.1038 6.3954 0.1156 -0.3927 -2.0000
5 7 8.9024 6.4186 0.1387 -0.3927 -2.0000
5 8 8.7005 6.4372 0.1619 -0.3927 -2.0000
5 9 8.4982 6.4510 0.1850 -0.3927 -2.0000
5 10 8.2956 6.4602 0.2081 -0.3927 -2.0000
